FID	IID	BLIGHT
0	292	0.6667698
0	454	0.68050743
0	579	0.67357673
0	635	0.6727104
0	220	0.66132426
0	505	0.67469059
0	307	0.67469059
0	588	0.67153465
0	42	0.67184406
0	275	0.67450495
0	80	0
0	178	0.6647896
0	2	0.66571782
0	5	0.67017327
0	6	0.67048267
0	10	0.6477104
0	11	0.6697401
0	13	0.66819307
0	16	0.67308168
0	17	0.67246287
0	18	0.67871287
0	19	0.67846535
0	21	0.68372525
0	27	0.67042079
0	28	0.66794554
0	29	0.66714109
0	35	0.67438119
0	44	0.67667079
0	49	0.67011139
0	51	0.6657797
0	62	0.66311881
0	71	0
0	73	0.66070545
0	88	0.67097772
0	92	0.64597772
0	96	0
0	97	0.66373762
0	112	0.66936881
0	115	0.67190594
0	117	0.6700495
0	130	0.67017327
0	131	0.66509901
0	139	0.66763614
0	141	0.67778465
0	164	0.66522277
0	167	0.66875
0	171	0.6782797
0	180	0.66720297
0	182	0.67215347
0	184	0.68143564
0	190	0.68001238
0	194	0.65544554
0	195	0.65575495
0	205	0.69084158
0	206	0.68292079
0	215	0.6707302
0	228	0.65915842
0	234	0.67363861
0	243	0.66503713
0	260	0.67023515
0	274	0.67085396
0	288	0.67091584
0	295	0.67060644
0	296	0.66194307
0	297	0.66132426
0	300	0.67339109
0	302	0.67568069
0	318	0.6730198
0	321	0.67308168
0	323	0.67227723
0	327	0.66881188
0	346	0.67518564
0	347	0.66707921
0	348	0.68137376
0	352	0.67778465
0	353	0.66930693
0	356	0.66188119
0	359	0.68675743
0	366	0.68056931
0	369	0.66837871
0	373	0.68168317
0	376	0.68434406
0	377	0.68589109
0	381	0.66045792
0	387	0.67778465
0	392	0.67209158
0	395	0.67815594
0	402	0.66367574
0	426	0.67042079
0	429	0.67017327
0	436	0.67759901
0	440	0.68038366
0	458	0.67766089
0	471	0.67636139
0	473	0.67834158
0	474	0.69133663
0	475	0.67091584
0	490	0.67475248
0	493	0.67246287
0	508	0.66701733
0	509	0.67642327
0	523	0.68335396
0	530	0.6667698
0	534	0.68087871
0	48	0.66714109
0	50	0.66639851
0	53	0.6625
0	54	0.67141089
0	55	0.65686881
0	56	0.65928218
0	57	0.6625
0	58	0.65241337
0	60	0.66757426
0	63	0.66596535
0	67	0.66751238
0	68	0.66522277
0	69	0.66188119
0	70	0
0	75	0
0	76	0
0	81	0.66967822
0	83	0.66992574
0	84	0.66113861
0	85	0.67339109
0	86	0.65680693
0	87	0.66633663
0	89	0.6625
0	118	0.66318069
0	119	0.67326733
0	121	0.67493812
0	122	0.67487624
0	125	0.66522277
0	126	0.67617574
0	127	0.66466584
0	128	0.66868812
0	129	0.65804455
0	134	0.6657797
0	136	0.67048267
0	138	0.66497525
0	140	0.6667698
0	142	0.6730198
0	143	0.66503713
0	144	0.66516089
0	146	0.66571782
0	148	0.66621287
0	149	0.68007426
0	152	0.66398515
0	154	0.6575495
0	155	0.66670792
0	156	0.66157178
0	157	0.6522896
0	158	0.65340347
0	160	0.66219059
0	163	0.66485149
0	166	0.66342822
0	168	0.6789604
0	169	0.67518564
0	172	0.67586634
0	173	0.66695545
0	174	0.67871287
0	175	0.66336634
0	176	0.66565594
0	177	0.66813119
0	179	0.67685644
0	181	0.66912129
0	185	0.68347772
0	188	0.67642327
0	1	0.66701733
0	3	0.65866337
0	7	0.67524752
0	8	0.67035891
0	9	0.67450495
0	14	0.66875
0	15	0.67097772
0	20	0.67741337
0	22	0.66875
0	24	0.66429455
0	25	0.66219059
0	26	0.67332921
0	30	0.6772896
0	31	0.67419554
0	34	0.66608911
0	37	0.67023515
0	39	0.66831683
0	40	0.65940594
0	41	0.66293317
0	43	0.66924505
0	45	0.66559406
0	46	0.67413366
0	47	0.67308168
0	90	0.66986386
0	91	0
0	93	0.66231436
0	94	0.6615099
0	95	0.64956683
0	99	0.65556931
0	100	0.6612005
0	104	0.65544554
0	107	0.67011139
0	198	0.67246287
0	199	0.66336634
0	200	0.66899752
0	201	0.6700495
0	202	0.67617574
0	203	0.66924505
0	207	0.68180693
0	208	0.66757426
0	209	0.67450495
0	210	0.66707921
0	211	0.67097772
0	212	0.6664604
0	213	0.66138614
0	214	0.67462871
0	216	0.67871287
0	217	0.6799505
0	218	0.66751238
0	219	0.67413366
0	221	0.67549505
0	222	0.66373762
0	225	0.66819307
0	226	0.67215347
0	227	0.67332921
0	229	0.66027228
0	232	0.66534653
0	233	0.67264851
0	235	0.65346535
0	236	0.67029703
0	237	0.67815594
0	238	0.66967822
0	239	0.6602104
0	240	0.66324257
0	241	0.6615099
0	242	0.66695545
0	244	0.67964109
0	245	0.65618812
0	246	0.68570545
0	247	0.68477723
0	248	0.66905941
0	249	0.6762995
0	250	0.67048267
0	251	0
0	252	1
0	253	0.66757426
0	254	0.68038366
0	255	0.6822401
0	256	0.68663366
0	257	0.67951733
0	258	0.67673267
0	259	0.67394802
0	261	0.68502475
0	262	0.67722772
0	263	0.6737005
0	265	0.67747525
0	266	0.67988861
0	267	0.66788366
0	268	0.67759901
0	279	0.67759901
0	283	0.67642327
0	290	0.67586634
0	294	0.66324257
0	298	0.66355198
0	12	0.66899752
0	36	0.67766089
0	38	0.66844059
0	65	0.65544554
0	72	0.66058168
0	74	0
0	78	0
0	82	0.67054455
0	101	0
0	113	0.66064356
0	120	0.66856436
0	123	0.66157178
0	124	0.67277228
0	132	0.67462871
0	133	0.66429455
0	186	0.68459158
0	196	0.66231436
0	271	0.67772277
0	272	0.66844059
0	282	0.68459158
0	286	0.6897896
0	291	0.67357673
0	299	0.67865099
0	310	0.67097772
0	312	0.68013614
0	313	0.68737624
0	314	0.67196782
0	316	0.66887376
0	317	0.67308168
0	319	0.67376238
0	320	0.66732673
0	322	0.67289604
0	324	0.6799505
0	326	0.67549505
0	329	0.66429455
0	330	0.62871287
0	331	0.68285891
0	332	0.6977104
0	333	0.68168317
0	335	0.67970297
0	336	0.67351485
0	337	0.66410891
0	339	0.67512376
0	340	0.6707302
0	341	0.68193069
0	342	0.67933168
0	344	0.67815594
0	345	0.68471535
0	349	0.68316832
0	350	0.68050743
0	351	0.66559406
0	354	0.67821782
0	357	0.6865099
0	358	0.69040842
0	360	0.68056931
0	361	0.66813119
0	362	0.65829208
0	363	0.67574257
0	365	0.67617574
0	367	0.68403465
0	368	0.68935644
0	370	0.66695545
0	371	0.66813119
0	372	0.67747525
0	374	0.67085396
0	378	0.68725248
0	379	0.69121287
0	380	0.66788366
0	383	0.66082921
0	384	0.67159653
0	385	0.67586634
0	386	0.68094059
0	388	0.6914604
0	394	0.67462871
0	396	0.66918317
0	397	0.67549505
0	398	0.69090347
0	400	0.67766089
0	401	0.67345297
0	404	0.66986386
0	405	0.67382426
0	406	0.6789604
0	407	0.68230198
0	408	0.67407178
0	409	0.68774752
0	410	0.66485149
0	412	0.66998762
0	414	0.67054455
0	415	0.67902228
0	308	0.66751238
0	109	0.65575495
0	189	0.67537129
0	191	0.67852723
0	193	0.66516089
0	204	0.67233911
0	418	0.68118812
0	423	0.6835396
0	424	0.70247525
0	430	0.68372525
0	431	0.69709158
0	432	0.68415842
0	433	0.68279703
0	434	0.68805693
0	439	0.67790842
0	441	0.675
0	442	0.68397277
0	444	0.68261139
0	445	0.67735149
0	447	0.67970297
0	449	0.66856436
0	451	0.67438119
0	453	0.67883663
0	455	0.68378713
0	456	0.6884901
0	457	0.68372525
0	459	0.67128713
0	460	0.67376238
0	461	0.67617574
0	462	0.67834158
0	463	0.68341584
0	464	0.68861386
0	466	0.68886139
0	467	0.68774752
0	468	0.68081683
0	472	0.67481436
0	476	0.68087871
0	477	0.68347772
0	478	0.68100248
0	479	0.68106436
0	480	0.68372525
0	481	0.69183168
0	483	0.68075495
0	484	0.67258663
0	485	0.68044554
0	487	0.68199257
0	488	0.66905941
0	489	0.68013614
0	492	0.6605198
0	495	0.67308168
0	496	0.67431931
0	497	0.66881188
0	498	0.66930693
0	501	0.67568069
0	502	0.67351485
0	503	0.68019802
0	504	0.67376238
0	506	0.68106436
0	507	0.67976485
0	510	0.69016089
0	511	0.68032178
0	512	0.68100248
0	514	0.67425743
0	516	0.67648515
0	517	0.66868812
0	518	0.67227723
0	520	0.67165842
0	521	0.67339109
0	525	0.6887995
0	526	0.67246287
0	527	0.67883663
0	528	0.67431931
0	529	0.67215347
0	531	0.67852723
0	532	0.67753713
0	533	0.67809406
0	535	0.68335396
0	537	0.67382426
0	538	0.67444307
0	539	0.66986386
0	540	0.6737005
0	541	0.66670792
0	542	0.67407178
0	543	0.6644802
0	544	0.66417079
0	545	0.66794554
0	547	0.67141089
0	548	0.67747525
0	549	0.66819307
0	551	0.66503713
0	553	0.68155941
0	110	0.66373762
0	116	0.67178218
0	273	0
0	276	0.67970297
0	277	0.67549505
0	278	0.67790842
0	284	0.67555693
0	285	0.67141089
0	289	0.67778465
0	303	0.6802599
0	304	0.68050743
0	305	0.66516089
0	306	0.67865099
0	311	0.68125
0	315	0.66639851
0	328	0.66701733
0	334	0.68595297
0	343	0.68910891
0	355	0.67673267
0	375	0.68131188
0	393	0.6779703
0	403	0.66726485
0	450	0.67549505
0	482	0.67209158
0	486	0.67425743
0	491	0.66868812
0	500	0
0	515	0.67753713
0	519	0.66794554
0	522	0.68087871
0	546	0.67153465
0	550	0.66930693
0	552	0.67821782
0	554	0.67685644
0	556	0.67295792
0	558	0.66256188
0	559	0.66423267
0	560	0.67970297
0	561	0.67648515
0	562	0.67834158
0	563	0.68613861
0	565	0.67314356
0	566	0.6677599
0	567	0.67741337
0	568	0.67357673
0	569	0.66553218
0	570	0.66633663
0	571	0.67951733
0	572	0.67413366
0	574	0.67011139
0	575	0.6802599
0	576	0.67970297
0	577	0.6647896
0	580	0.68193069
0	581	0.68285891
0	582	0.68217822
0	583	0.68570545
0	584	0.67933168
0	585	0.67957921
0	586	0.6664604
0	589	0.675
0	590	0.6637995
0	591	0.66992574
0	592	0.67196782
0	593	0.67178218
0	594	0.68094059
0	98	0.65371287
0	425	0.67537129
0	427	0.68100248
0	428	0.67716584
0	524	0.67277228
0	595	0.68471535
0	596	0.68929455
0	597	0.69931931
0	598	0.68805693
0	599	0.67772277
0	600	0.68780941
0	601	0.68242574
0	602	0.68137376
0	603	0.68199257
0	604	0.67636139
0	605	0.69016089
0	606	0.68780941
0	607	0.68063119
0	608	0.6802599
0	609	0.67444307
0	610	0.68199257
0	611	0.69034653
0	612	0.68929455
0	613	0.67852723
0	614	0.67667079
0	615	0.6782797
0	616	0.68007426
0	617	0.67580446
0	618	0.66058168
0	619	0.67914604
0	620	0.66101485
0	621	0.68038366
0	622	0.68304455
0	623	0.68384901
0	624	0.67716584
0	625	0.67741337
0	626	0.66998762
0	627	0.66144802
0	628	0.68304455
0	629	0.68261139
0	630	0.67691832
0	631	0.66955446
0	632	0.68508663
0	633	0.68657178
0	634	0.67407178
0	636	0.68966584
0	637	0.6710396
0	638	0.66961634
0	639	0.66899752
0	640	0.68539604
0	641	0.67388614
0	642	0.68143564
0	643	0.6950495
0	644	0.69028465
0	646	0.69071782
0	647	0.68347772
0	648	0.67592822
0	649	0.69560644
0	650	0.68706683
0	652	0.6825495
0	653	0.68013614
0	654	0.67079208
0	655	0.65012376
0	656	0.66311881
0	657	0.67475248
0	658	0.67023515
0	659	0.67840347
0	661	0.67741337
0	662	0.67920792
0	663	0.6762995
0	664	0.6707302
